MEME version 4

ALPHABET= ACGT

strands: + -

Background letter frequencies
A 0.25 C 0.25 G 0.25 T 0.25

MOTIF MA0021.1 CTCF/JASPAR2026

letter-probability matrix: alength= 4 w= 19 nsites= 20 E= 0
  0.347475  0.154857  0.163364  0.334304
  0.134948  0.125843  0.138054  0.601155
  0.115015  0.113324  0.147458  0.624203
  0.129895  0.115778  0.157038  0.597289
  0.124365  0.131368  0.149091  0.595176
  0.147342  0.126521  0.132854  0.593283
  0.153462  0.125843  0.127138  0.593557
  0.150928  0.126521  0.130169  0.592382
  0.149091  0.127138  0.131368  0.592403
  0.151346  0.125843  0.128884  0.593927
  0.149091  0.126521  0.131368  0.593020
  0.150928  0.125843  0.130169  0.593060
  0.153462  0.125843  0.127138  0.593557
  0.147342  0.126521  0.132854  0.593283
  0.124365  0.131368  0.149091  0.595176
  0.129895  0.115778  0.157038  0.597289
  0.115015  0.113324  0.147458  0.624203
  0.134948  0.125843  0.138054  0.601155
  0.347475  0.154857  0.163364  0.334304

MOTIF MA0022.1 FOXA1/JASPAR2026

letter-probability matrix: alength= 4 w= 12 nsites= 20 E= 0
  0.126521  0.132854  0.601155  0.139470
  0.134948  0.125843  0.593060  0.146149
  0.115015  0.113324  0.624203  0.147458
  0.129895  0.115778  0.597289  0.157038
  0.124365  0.131368  0.595176  0.149091
  0.147342  0.126521  0.593283  0.132854
  0.153462  0.125843  0.593557  0.127138
  0.150928  0.126521  0.592382  0.130169
  0.149091  0.127138  0.592403  0.131368
  0.151346  0.125843  0.593927  0.128884
  0.149091  0.126521  0.593020  0.131368
  0.150928  0.125843  0.593060  0.130169

